[gd_scene load_steps=9 format=2]

[ext_resource path="res://sceneList/zone0005_disco/model/Arc_building_01.glb" type="PackedScene" id=1]
[ext_resource path="res://sceneList/zone0005_disco/material/Basecolor.material" type="Material" id=2]
[ext_resource path="res://sceneList/zone0005_disco/material/blue.material" type="Material" id=3]

[sub_resource type="BoxShape" id=1]
extents = Vector3( 6.23697, 14.6621, 25.0074 )

[sub_resource type="BoxShape" id=2]
extents = Vector3( 4.00589, 14.6621, 15.5902 )

[sub_resource type="BoxShape" id=3]
extents = Vector3( 4.00589, 14.6621, 14.8093 )

[sub_resource type="BoxShape" id=4]
extents = Vector3( 4.00589, 14.6621, 14.8093 )

[sub_resource type="BoxShape" id=5]
extents = Vector3( 6.05961, 14.6621, 20.4894 )

[node name="Arc_building_01" instance=ExtResource( 1 )]

[node name="Arc_building_01" parent="." index="0"]
material/0 = ExtResource( 2 )
material/1 = ExtResource( 3 )

[node name="StaticBody" type="StaticBody" parent="." index="1"]

[node name="CollisionShape" type="CollisionShape" parent="StaticBody" index="0"]
transform = Transform( 0.866025, 0, -0.5, 0, 1, 0, 0.5, 0, 0.866025, -27.3766, 14.5531, 6.74994 )
shape = SubResource( 1 )

[node name="CollisionShape2" type="CollisionShape" parent="StaticBody" index="1"]
transform = Transform( 0.707107, 0, 0.707107, 0, 0.999998, 0, -0.707107, 0, 0.707107, 30.4965, 12.0505, 12.3241 )
shape = SubResource( 1 )

[node name="CollisionShape3" type="CollisionShape" parent="StaticBody" index="2"]
transform = Transform( 0.707107, 0, 0.707107, 0, 0.999998, 0, -0.707107, 0, 0.707107, 30.4965, 12.0505, 12.3241 )
shape = SubResource( 1 )

[node name="CollisionShape4" type="CollisionShape" parent="StaticBody" index="3"]
transform = Transform( 0.468855, 0, 0.883275, 0, 0.999997, 0, -0.883275, 0, 0.468855, 51.6998, 12.0505, 26.8489 )
shape = SubResource( 2 )

[node name="CollisionShape5" type="CollisionShape" parent="StaticBody" index="4"]
transform = Transform( 0.9561, 0, 0.293039, 0, 0.999996, 0, -0.293039, 0, 0.9561, 67.8649, 12.0505, 46.5481 )
shape = SubResource( 3 )

[node name="CollisionShape6" type="CollisionShape" parent="StaticBody" index="5"]
transform = Transform( 0.974526, 0, -0.224271, 0, 0.999996, 0, 0.224271, 0, 0.974526, -72.8842, 12.0505, 50.0597 )
shape = SubResource( 4 )

[node name="CollisionShape7" type="CollisionShape" parent="StaticBody" index="6"]
transform = Transform( 0.418834, 0, -0.908062, 0, 0.999996, 0, 0.908062, 0, 0.418834, -53.1732, 12.0505, 31.9203 )
shape = SubResource( 5 )
